72 32 32
0 1 0.618034  
0 1 -0.618034  
1 0.618034 0  
1 -0.618034 0
0 -1 -0.618034  
0 -1 0.618034  
0.618034 0 1  
-0.618034 0 1
0.618034 0 -1  
-0.618034 0 -1  
-1 0.618034 0  
-1 -0.618034 0
-0.87267804 -0.41202268 -0.33333334 
-0.745356 -0.20601134 -0.6666667 
-1.0 -0.20601134 0.0 
-1.0 0.20601134 0.0 
-0.87267804 -0.41202268 0.33333334 
-0.745356 -0.20601134 0.6666667 
-0.41202268 0.33333334 0.87267804 
-0.20601134 0.6666667 0.745356 
-0.6666667 -0.745356 -0.20601134 
-0.33333334 -0.87267804 -0.41202268 
0.0 -1.0 -0.20601134 
0.0 -1.0 0.20601134 
0.20601134 -0.6666667 0.745356 
0.41202268 -0.33333334 0.87267804 
0.33333334 -0.87267804 -0.41202268 
0.6666667 -0.745356 -0.20601134 
0.20601134 -0.6666667 -0.745356 
0.41202268 -0.33333334 -0.87267804 
0.745356 0.20601134 -0.6666667 
0.87267804 0.41202268 -0.33333334 
-0.41202268 0.33333334 -0.87267804 
-0.20601134 0.6666667 -0.745356 
-0.745356 0.20601134 -0.6666667 
-0.87267804 0.41202268 -0.33333334 
-0.6666667 0.745356 -0.20601134 
-0.6666667 0.745356 0.20601134 
-0.87267804 0.41202268 0.33333334 
-0.745356 0.20601134 0.6666667 
-0.33333334 0.87267804 0.41202268 
0.0 1.0 0.20601134 
0.33333334 0.87267804 0.41202268 
0.20601134 0.6666667 0.745356 
0.20601134 0.6666667 -0.745356 
0.33333334 0.87267804 -0.41202268 
0.0 1.0 -0.20601134 
-0.33333334 0.87267804 -0.41202268 
-0.41202268 -0.33333334 -0.87267804 
-0.20601134 0.0 -1.0 
-0.20601134 -0.6666667 -0.745356 
0.20601134 0.0 -1.0 
0.41202268 0.33333334 -0.87267804 
0.6666667 0.745356 -0.20601134 
0.6666667 0.745356 0.20601134 
0.87267804 0.41202268 0.33333334 
1.0 0.20601134 0.0 
0.745356 -0.20601134 0.6666667 
0.745356 0.20601134 0.6666667 
0.41202268 0.33333334 0.87267804 
0.20601134 0.0 1.0 
-0.41202268 -0.33333334 0.87267804 
-0.20601134 0.0 1.0 
-0.20601134 -0.6666667 0.745356 
-0.33333334 -0.87267804 0.41202268 
-0.6666667 -0.745356 0.20601134 
0.33333334 -0.87267804 0.41202268 
0.87267804 -0.41202268 -0.33333334 
1.0 -0.20601134 0.0 
0.87267804 -0.41202268 0.33333334 
0.6666667 -0.745356 0.20601134 
0.745356 -0.20601134 -0.6666667
0.539345 0.539345 0.539345   0.872678 0 0.333333  
0.539345 -0.539345 0.539345   0 -0.333333 0.872678
0 0.333333 0.872678   0.872678 0 -0.333333
0.539345 0.539345 -0.539345  0.333333 0.872678 0
-0.333333 0.872678 0   -0.539345 0.539345 -0.539345
0 0.333333 -0.872678   0.539345 -0.539345 -0.539345
0.333333 -0.872678 0   -0.333333 -0.872678 0
-0.872678 0 0.333333   -0.539345 0.539345 0.539345
-0.539345 -0.539345 -0.539345   0 -0.333333 -0.872678
-0.539345 -0.539345 0.539345   -0.872678 0 -0.333333
0.0 0.8157379 0.5041537 
2.9802323E-9 0.8157379 -0.5041537 
0.8157379 0.5041537 5.9604646E-9 
0.8157379 -0.5041537 2.9802323E-9 
-2.9802323E-9 -0.8157379 -0.5041537 
0.0 -0.8157379 0.5041537 
0.5041537 5.9604646E-9 0.8157379 
-0.5041537 2.9802323E-9 0.8157379 
0.5041538 0.0 -0.8157379 
-0.5041538 0.0 -0.8157379 
-0.8157379 0.5041537 -5.9604646E-9 
-0.8157379 -0.5041538 0.0 
6 42 43 59 58 55 54 0 0 0 0 0 0 
6 55 58 57 69 68 56 1 1 1 1 1 1 
6 25 24 66 70 69 57 2 2 2 2 2 2 
6 60 62 61 63 24 25 3 3 3 3 3 3 
6 19 18 62 60 59 43 4 4 4 4 4 4 
6 56 68 67 71 30 31 5 5 5 5 5 5 
6 44 45 53 31 30 52 6 6 6 6 6 6 
6 41 42 54 53 45 46 7 7 7 7 7 7 
6 36 37 40 41 46 47 8 8 8 8 8 8 
6 34 35 36 47 33 32 9 9 9 9 9 9 
6 32 33 44 52 51 49 10 10 10 10 10 10 
6 71 67 27 26 28 29 11 11 11 11 11 11 
6 70 66 23 22 26 27 12 12 12 12 12 12 
6 20 21 22 23 64 65 13 13 13 13 13 13 
6 16 17 39 38 15 14 14 14 14 14 14 14 
6 18 19 40 37 38 39 15 15 15 15 15 15 
6 12 13 48 50 21 20 16 16 16 16 16 16  
6 48 49 51 29 28 50 17 17 17 17 17 17 
6 17 16 65 64 63 61 18 18 18 18 18 18  
6 13 12 14 15 35 34 19 19 19 19 19 19 
5 19 43 42 41 40 20 20 20 20 20 
5 33 47 46 45 44 21 21 21 21 21 
5 31 53 54 55 56 22 22 22 22 22 
5 27 67 68 69 70 23 23 23 23 23 
5 28 26 22 21 50 24 24 24 24 24 
5 24 63 64 23 66 25 25 25 25 25 
5 25 57 58 59 60 26 26 26 26 26 
5 17 61 62 18 39 27 27 27 27 27 
5 29 51 52 30 71 28 28 28 28 28 
5 32 49 48 13 34 29 29 29 29 29 
5 15 38 37 36 35 30 30 30 30 30 
5 16 14 12 20 65 31 31 31 31 31 
      